[ 北京时间：2017-08-14 16:48:28 ]
error_msg = {
	"url": "http:\/\/api.lgvpay\/payment\/bomao\/forward",
	"content_type": "application\/json",
	"http_code": 400,
	"header_size": 368,
	"request_size": 223,
	"filetime": -1,
	"ssl_verify_result": 0,
	"redirect_count": 0,
	"total_time": 0.0219559999999999998221422714550499222241342067718505859375,
	"namelookup_time": 2.099999999999999883795211153003634763081208802759647369384765625e-5,
	"connect_time": 0.005099000000000000233646435532364193932153284549713134765625,
	"pretransfer_time": 0.00512899999999999987865262340847039013169705867767333984375,
	"size_upload": 83,
	"size_download": 41,
	"speed_download": 1867,
	"speed_upload": 3780,
	"download_content_length": -1,
	"upload_content_length": 83,
	"starttransfer_time": 0.0219409999999999986985965705343915033154189586639404296875,
	"redirect_time": 0,
	"redirect_url": "",
	"primary_ip": "10.9.171.11",
	"certinfo": [
	],
	"primary_port": 80,
	"local_ip": "10.9.171.14",
	"local_port": 41608
}
####################################################################
[ 北京时间：2017-08-14 16:50:39 ]
error_msg = {
	"url": "http:\/\/api.lgvpay\/payment\/bomao\/forward",
	"content_type": "application\/json",
	"http_code": 400,
	"header_size": 368,
	"request_size": 222,
	"filetime": -1,
	"ssl_verify_result": 0,
	"redirect_count": 0,
	"total_time": 0.017850999999999998812949542070782626979053020477294921875,
	"namelookup_time": 7.4999999999999993429734834737843129914836026728153228759765625e-5,
	"connect_time": 0.002386000000000000099975583367495346465148031711578369140625,
	"pretransfer_time": 0.0024719999999999998051281036026693982421420514583587646484375,
	"size_upload": 82,
	"size_download": 41,
	"speed_download": 2296,
	"speed_upload": 4593,
	"download_content_length": -1,
	"upload_content_length": 82,
	"starttransfer_time": 0.017794999999999998319122340717512997798621654510498046875,
	"redirect_time": 0,
	"redirect_url": "",
	"primary_ip": "10.9.171.11",
	"certinfo": [
	],
	"primary_port": 80,
	"local_ip": "10.9.171.14",
	"local_port": 41632
}
####################################################################
