[ 北京时间：2017-08-11 17:02:27 ]
error_msg = {
	"url": "http:\/\/api.lgvpay\/payment\/bomao\/methods",
	"content_type": "text\/html",
	"http_code": 404,
	"header_size": 164,
	"request_size": 70,
	"filetime": -1,
	"ssl_verify_result": 0,
	"redirect_count": 0,
	"total_time": 0.033522000000000003183675545415098895318806171417236328125,
	"namelookup_time": 5.3000000000000000778023478975597981843748129904270172119140625e-5,
	"connect_time": 0.0145039999999999995317079282131089712493121623992919921875,
	"pretransfer_time": 0.0145400000000000008404388296412435011006891727447509765625,
	"size_upload": 0,
	"size_download": 178,
	"speed_download": 5309,
	"speed_upload": 0,
	"download_content_length": 178,
	"upload_content_length": -1,
	"starttransfer_time": 0.033503999999999999059863142747417441569268703460693359375,
	"redirect_time": 0,
	"redirect_url": "",
	"primary_ip": "10.9.171.22",
	"certinfo": [
	],
	"primary_port": 80,
	"local_ip": "10.9.171.13",
	"local_port": 59072
}
####################################################################
[ 北京时间：2017-08-11 17:02:27 ]
error_msg = "第三方支付平台链接失败 ( 404 )"
####################################################################
[ 北京时间：2017-08-11 17:26:14 ]
error_msg = {
	"url": "http:\/\/api.lgvpay\/payment\/bomao\/methods",
	"content_type": null,
	"http_code": 0,
	"header_size": 0,
	"request_size": 0,
	"filetime": -1,
	"ssl_verify_result": 0,
	"redirect_count": 0,
	"total_time": 0,
	"namelookup_time": 9.1000000000000002870099991003627337704529054462909698486328125e-5,
	"connect_time": 0,
	"pretransfer_time": 0,
	"size_upload": 0,
	"size_download": 0,
	"speed_download": 0,
	"speed_upload": 0,
	"download_content_length": -1,
	"upload_content_length": -1,
	"starttransfer_time": 0,
	"redirect_time": 0,
	"redirect_url": "",
	"primary_ip": "",
	"certinfo": [
	],
	"primary_port": 0,
	"local_ip": "",
	"local_port": 0
}
####################################################################
[ 北京时间：2017-08-11 17:26:14 ]
error_msg = "第三方支付平台链接失败 ( 0 )"
####################################################################
[ 北京时间：2017-08-11 17:26:19 ]
error_msg = {
	"url": "http:\/\/api.lgvpay\/payment\/bomao\/methods",
	"content_type": null,
	"http_code": 0,
	"header_size": 0,
	"request_size": 0,
	"filetime": -1,
	"ssl_verify_result": 0,
	"redirect_count": 0,
	"total_time": 0,
	"namelookup_time": 1.900000000000000104603825601401467793039046227931976318359375e-5,
	"connect_time": 0,
	"pretransfer_time": 0,
	"size_upload": 0,
	"size_download": 0,
	"speed_download": 0,
	"speed_upload": 0,
	"download_content_length": -1,
	"upload_content_length": -1,
	"starttransfer_time": 0,
	"redirect_time": 0,
	"redirect_url": "",
	"primary_ip": "",
	"certinfo": [
	],
	"primary_port": 0,
	"local_ip": "",
	"local_port": 0
}
####################################################################
[ 北京时间：2017-08-11 17:26:19 ]
error_msg = "第三方支付平台链接失败 ( 0 )"
####################################################################
